
119 128 137
128 130 140
127 135 145
129 133 148
119 121 127
103 96 94



142 142 141
143 143 142
142 142 141
141 142 141
137 138 138
156 156 156
157 157 158
153 154 154
154 154 154
153 153 154
142 143 144
136 137 138
130 130 130
132 133 133
141 141 142
135 138 138
134 135 134

108 111 112
116 118 119
111 113 115
122 125 127
109 117 118
113 116 117




253 253 254
146 151 156
148 149 153
147 149 154
147 147 151
165 155 159
146 147 151
150 152 154
146 147 151
147 147 151
147 150 157
173 171 173
162 159 169
156 161 168
167 170 171
153 154 155
146 146 147
146 147 149

164 161 164
166 168 170
155 155 157
154 155 157
171 171 172
169 169 171
156 156 163
147 147 148
151 159 162
151 151 153
147 147 148
146 146 147
146 147 148
157 165 168
172 155 149
146 146 147
146 147 147
149 151 153
155 154 154



137 140 140
130 133 133
125 128 128




125 128 128
124 125 126
123 125 126
123 126 126
123 126 127
124 126 128
124 127 129
125 128 130
126 128 132
127 129 134
128 131 135
130 132 138
128 131 137
128 130 135
126 129 133
126 130 133
126 129 131
125 127 127
122 126 127
121 126 126
122 126 127
121 126 126
120 126 126
123 119 120
123 119 119
122 119 119
122 119 120
122 119 119
122 118 119
122 119 119
123 119 120
122 119 120
123 119 120
123 120 122
124 122 125
126 124 131
127 124 131
127 126 133
128 126 135
128 126 133
127 125 130
125 123 127
125 122 125
124 121 123
123 120 121
123 119 121
123 119 120
122 119 119
122 118 119
122 119 120
123 119 120
122 119 120
122 118 120
122 119 120
129 129 129
136 134 130
151 135 128
160 135 124
163 135 121
141 112 104



146 146 148
147 147 149
146 146 148
147 147 148
146 147 148
147 147 148
146 147 148
147 147 148
146 147 148
147 147 148
146 147 148
146 146 148
145 146 147
145 146 148
146 150 153
146 146 148
146 146 149
146 147 151
146 149 153
146 147 149
146 147 150
146 147 151
146 147 150
146 148 153
147 149 156
147 150 156
147 149 156
151 153 159
151 154 160
151 152 158
150 151 157
151 152 157
152 152 158
153 153 158
155 155 161
157 156 163
157 157 164
158 158 165
159 158 165
159 159 166
159 158 165
159 159 166
158 157 165
157 157 164
156 156 163
154 154 159
152 152 157
150 151 157
150 152 158
147 149 155
147 150 156
147 149 154
154 156 159
149 151 155
147 149 153
147 147 150
146 146 149
146 151 157
146 146 148
146 147 149
146 147 148
146 147 149
147 147 149
165 149 151
147 147 149
147 148 150
151 150 151
166 168 168
148 147 149
152 155 157
152 149 151
147 147 149
148 148 149
147 147 149
147 147 148
147 147 149
147 147 148
147 147 149
152 158 160
152 157 160
165 165 167
158 160 161
147 147 149
147 147 148
146 147 148
147 147 148
146 147 148
147 147 148
146 147 148
146 146 147
146 146 148
147 147 148
146 147 148
147 147 149
147 147 148
146 146 148
146 147 148
147 147 148
146 147 148
147 147 148
146 147 148
147 147 149
146 147 151
146 150 156
146 148 153
146 147 149
146 146 148
146 146 149
146 146 148
153 156 162
146 146 149
146 146 148
147 147 149
146 147 149
146 147 148
146 147 149
146 147 148
146 146 148
146 146 149
146 147 150
147 147 148
146 148 152
146 149 154
159 159 164
158 159 163
157 157 162
156 157 161
155 155 159
154 154 157
153 154 157
152 152 154
151 152 154
151 151 152
152 153 154
151 151 153
151 151 152
150 151 152
151 152 153
151 152 154
152 153 154
153 154 157
154 155 157
155 156 158
156 157 159
157 157 160
157 159 161
159 160 163
159 161 163
160 161 163
160 161 164
159 161 163
159 160 163
157 159 161
157 158 161
156 157 160
155 157 159
155 156 159
154 156 158
154 154 157
153 154 155
151 152 153
151 152 154
153 154 156
154 154 157
156 157 161
157 157 162
159 160 164
147 148 151
147 147 149
146 147 148
147 147 148
146 147 150
146 147 149
146 146 149
146 147 149
147 147 150
147 147 151
149 150 154
151 151 155
150 150 154
147 147 151
146 147 151
146 147 152
146 147 151
146 147 150
147 147 150
147 147 149
157 155 159
156 156 160
154 154 157
152 153 154
150 150 151
151 152 153
149 151 153
154 155 157
156 157 159
158 159 161
159 160 163
159 161 164
160 161 164
161 162 164
162 163 166
163 164 167
164 165 168
166 167 169
147 147 148
147 148 148
148 148 149
148 149 150
149 149 150
149 149 151
149 150 151
149 150 152
149 150 151
149 150 152
150 150 152
150 151 153
150 151 154
150 152 156
151 153 157
151 153 158
157 156 162
171 163 164
149 150 151
153 153 156
148 148 149
147 148 148
166 159 161
163 164 167
161 162 165
159 160 163
157 158 161
153 154 156
151 152 153
151 151 153
150 150 151
151 151 153
152 152 154
153 154 157
154 154 158
155 156 159
156 156 160
156 157 161
157 157 161
158 158 163
146 149 154
146 150 155
147 147 148
147 147 147
146 147 151
146 147 150
146 147 149
148 147 149
146 148 151
146 146 147
146 146 149
146 147 149
146 147 150
147 147 147
146 150 154
146 149 154
156 156 160
155 155 159
153 153 155
151 152 153
151 151 152
151 152 153
151 151 153
152 154 155
156 157 160
159 161 164
161 163 165
164 165 168
165 166 168
166 162 165
147 148 148
148 148 149
148 149 149
149 149 150
149 150 151
150 150 152
150 151 153
151 151 154
151 154 157
152 155 159
163 162 166
168 174 174
162 172 173
155 163 166
154 162 168
154 164 167
154 159 163
149 150 151
149 149 150
155 163 168
174 174 174
150 151 154
148 148 150
165 164 167
159 161 163
161 162 165
158 159 162
156 157 161
153 154 157
151 152 153
150 151 153
151 151 153
151 152 153
151 152 154
152 153 155
153 153 156
154 154 157
154 154 158
155 156 160
156 156 161
157 157 162
158 158 163
159 159 164
147 149 153
147 148 152
147 148 151
146 147 147
147 147 148
146 147 148
146 147 147
